005778
003531
005572
006044
000104
004109
004208
001277
007058
006758
000116
000726
001174
001906
000760
002882
003023
000092
006147
006953
003942
002756
000062
007688
005183
000004
006834
005023
003398
007352
001707
008145
001197
001935
002068
007336
005971
003646
007634
006250
000557
007383
003537
007131
005774
005478
000744
006632
003026
001755
008157
006038
004734
000287
006957
004064
000184
005542
007205
005417
007404
007886
000977
006419
000514
001591
002713
008463
005597
007110
005242
003592
001362
000559
002841
000117
007120
003434
001879
003139
001395
004157
001677
000653
001378
007451
008472
007293
002977
004069
002861
007261
000112
004005
004365
008206
006626
004233
005063
006883
007917
003202
002132
006568
001321
004243
001936
008579
006107
004936
000175
000919
007840
001437
006408
003530
000728
006148
004106
002973
001305
005420
002135
000339
007594
008577
004953
007207
006040
005757
000423
005962
000819
002131
000370
002997
003617
000720
004234
002580
005880
006193
002932
006171
004268
004869
001772
006875
005679
001523
000265
007855
003126
006508
000041
004139
006717
002877
006059
002772
006613
000986
005040
001282
001575
005917
007231
008221
004494
004127
004495
002989
000689
005584
006513
002708
000012
003238
004567
003319
002036
003169
003390
001924
003621
001262
001019
000242
004410
005545
008583
001912
007831
001466
001555
004979
005975
003022
005123
000050
006412
001949
003716
000990
004918
003304
003924
001106
008015
005782
004987
005941
008014
001085
005140
005853
007000
001756
008341
006597
005896
008230
000171
008367
001981
008281
004661
000927
003523
002878
002401
005366
002130
002201
004713
008048
005834
005837
007536
008312
007730
004019
004856
000944
001043
004590
005571
001892
007667
006667
002064
003270
005246
001662
001100
002633
007664
000113
003263
005163
003442
002888
008061
006665
007975
004078
005202
002228
007023
004572
008187
004547
007305
005803
002908
004529
004014
006399
004504
006458
004544
000765
002904
000470
000925
004790
007642
005808
007063
003969
006186
001469
006514
004414
005902
003514
001800
003905
001694
002519
007139
001549
001167
005695
007168
005942
005357
007001
002416
002539
000036
007949
002659
001868
008171
005658
006230
006483
000102
008471
000572
002018
008561
001966
007087
006993
004805
004902
004643
004881
008141
008435
003954
004455
005322
006698
000426
004546
008549
006601
007702
000133
003510
000880
001538
001307
005016
008486
001910
001928
007529
006118
004447
005592
003295
003019
001073
000380
003037
008358
007927
002154
001087
000055
001299
005605
002348
003804
007616
003631
006011
007915
005171
000602
000395
008094
003359
005766
003871
001260
006880
000194
002814
007776
002404
002668
006557
004649
002152
000024
001315
008423
003962
002586
003184
002738
007312
001113
002053
007186
004278
005451
000020
002272
003384
000145
007233
005412
006640
003534
005345
005921
000679
000263
005080
008479
006516
001686
005622
003204
005241
008595
001675
004847
001348
007617
007072
008386
008079
005535
008596
007827
007661
004250
005373
008350
001556
003320
002827
004827
008007
004168
005708
007743
001782
002146
006852
007902
007112
001617
004874
007801
008414
003321
008313
004253
006847
004471
002981
000933
008487
002389
004112
003080
003662
007623
006222
008460
002010
007526
000982
008372
006254
005599
005899
007839
005499
001251
001581
000306
005400
007518
003168
005797
002074
002590
001370
007230
007878
002042
000156
008597
001685
005352
007508
000612
006655
008607
007779
001941
007024
001573
004035
004757
004806
005363
007360
006303
002451
002872
004416
007897
001605
004880
007928
006204
007763
001847
008219
005284
007726
004261
005692
006752
002196
004051
005590
001778
001995
003432
007740
000142
003937
006194
008456
002695
005528
001952
001067
003690
001333
002203
002694
008573
003877
001001
005691
005413
001286
008182
000241
007728
001485
006565
005954
003580
001414
003604
004349
005544
002001
003205
004922
003903
001241
005663
001819
001742
003567
007145
008432
002321
007190
002716
002318
005126
007282
003952
004566
003825
002275
003603
006493
007141
008099
005887
006043
006470
002854
008565
000066
002410
006280
000698
005159
000563
005616
004634
007126
005188
006434
000251
000432
008375
004957
002160
002775
000806
000761
001323
001976
008443
002133
002857
003844
007111
007334
004272
000939
006560
001107
001096
004941
004314
004318
004773
004949
002402
005314
007916
004784
006533
000212
005516
002397
004581
001632
001464
008201
002485
003884
004370
001123
004352
005051
008455
008409
001322
006360
006168
003907
005423
003412
000888
003423
005895
006890
000232
000043
003991
003356
006617
000161
003845
004426
007011
000780
005190
005734
004002
002529
001138
003261
008466
004289
005048
007422
006352
006682
007571
004216
005495
006392
002921
007690
004239
006240
007161
003972
007165
006724
006102
001767
006206
003088
007462
007202
006154
005517
004162
004611
006715
005526
003520
006635
004552
001281
001071
002736
003203
005263
006946
006423
000870
001407
007414
005034
006902
008440
007201
000918
005825
006980
005553
006583
006331
005052
005491
001030
006463
006330
002459
000332
000217
003513
003307
002581
003290
005873
003880
007692
003460
001899
007749
001748
000334
000409
007766
000419
001769
001753
008214
004379
003489
002204
002717
000008
005430
005078
007817
005095
000503
002175
004912
005065
007210
006573
007472
006022
007491
007149
001098
007502
001291
007213
001220
005762
000006
004736
007968
000396
000051
006992
000152
007070
007903
004743
008405
006746
000166
005004
006403
003426
007387
004972
007289
000264
006808
001415
003511
001893
000664
003056
000190
007151
002944
007102
002543
008138
002062
003211
001434
000928
003128
006547
007834
005295
004741
005615
003628
005384
000834
000335
002577
007987
005729
002957
006212
008053
006090
001690
002286
005079
007694
002086
005824
007679
008196
001126
004129
000209
003392
002460
006357
004520
001458
007942
006964
006995
001276
002711
003824
007955
006970
007862
005037
002171
005189
002436
004644
004548
003030
001053
006517
003717
000594
004458
003657
006137
004041
007403
001846
006117
003138
003158
007632
006797
006025
004653
005561
006510
007853
005985
006790
005623
007460
005401
003258
008544
001023
001003
007837
000628
002309
002612
002894
008585
007919
006325
005019
007397
003225
005268
004220
006358
005398
006829
001978
003467
000277
001361
005006
004886
007423
000100
002887
006005
001012
004301
001213
006908
007933
002111
005299
007712
001629
000397
005342
008068
003344
000215
005453
007663
003111
007932
006893
006170
007948
008299
005608
003817
007276
007963
004873
007256
002696
008218
007290
002339
000716
007830
002896
007505
005484
003793
005738
004172
005546
005328
000558
006512
007844
003351
003792
001309
008271
002170
002661
003103
008017
006528
002100
006654
000577
006620
005673
004926
006545
005883
000144
008188
004280
001351
000052
008022
000297
008445
000993
001379
002732
001599
006105
006768
007430
002363
001616
004404
006009
007170
006266
002029
005892
005266
008476
007707
005405
000323
005994
006187
000777
008060
005323
001349
001515
006376
000459
008501
005541
000788
000754
004531
007097
001204
000722
004381
000946
004955
006606
000436
007311
002776
001188
003837
005693
004750
005338
000756
007698
003494
008275
003397
002381
002534
008162
001992
006013
006544
003543
004126
004576
003206
005570
003765
004672
008114
000182
005093
004140
006291
002398
008146
004845
006899
008400
006774
000786
007217
006390
005760
005168
001863
000961
007235
001702
007361
002486
005514
003308
000359
008382
003554
005743
006666
000647
000540
007062
003331
007718
001817
003084
007434
003083
001983
005580
003898
002964
003116
005916
005162
008403
006316
007611
006363
001526
000025
007656
005930
002905
003078
002870
002400
005334
001338
001253
006736
003670
007118
003161
003618
001814
002351
001505
008200
008110
000654
006353
006669
008047
002803
002663
002051
008008
004541
004607
000601
001746
005447
007554
004423
004320
001709
000608
006978
006294
008574
007283
003059
005298
007399
007081
000465
007095
003300
007772
000631
005490
003953
007176
002015
003961
003749
005998
007614
004306
005791
006249
005618
002860
005032
008598
005560
000907
007206
000441
003265
000266
008139
007322
001507
001790
001827
003256
001449
003855
002105
000115
005928
008179
008528
001365
005028
003642
004502
008109
000929
003691
003890
007143
008254
003259
004632
008126
004596
007406
002289
006881
004980
001567
004815
003378
001780
007351
005372
001426
001359
007952
003237
001061
003173
005378
007528
007988
006704
000809
002186
003979
007222
002579
007709
002554
006901
003234
006380
004813
007793
001140
005127
003470
006772
003042
002091
002383
001604
002564
007443
003057
000382
007437
006926
007343
000097
001065
000771
005888
001352
002415
000495
004348
000095
002521
006598
002115
006292
004063
002618
007514
006062
001711
007995
004093
001681
005724
001627
001194
002033
002123
006402
003708
000956
000174
003923
000607
002473
005374
001177
005522
007567
002269
007534
000624
000069
000837
002725
008548
006535
002208
006855
008568
005031
001653
002963
004640
003373
004052
002060
003842
001049
008426
001704
006577
008351
004831
005102
004380
000216
002935
005096
006346
004237
001447
004570
003600
005768
003157
003919
001363
002211
003097
004046
005333
006251
002157
007954
004155
001069
003495
000590
006311
006067
005308
003687
001036
004074
002915
002169
001820
001770
007267
008430
007240
007035
003332
001416
003032
006019
006651
002212
002040
002471
004244
004432
007517
005270
006020
006846
008246
003992
001971
000772
004885
008209
003152
002090
007591
003758
002144
000552
002639
002120
005777
007246
000296
000690
002576
002159
006382
000053
001738
003830
000282
006135
008232
005205
002222
004478
007395
006546
004067
005631
008374
007036
005014
006165
001805
001063
006689
001446
000364
006410
004241
006454
002817
003431
006720
005860
007744
004023
007136
000673
006575
008433
008242
006301
005439
002422
008582
005885
007402
005639
000013
006199
007826
000413
004789
008545
002270
000860
008500
004621
000998
001595
000736
008303
007585
007269
004195
004770
000588
004927
000288
005908
008028
004135
005196
004481
005386
004330
000103
006076
008540
004843
000562
000620
008186
001224
003682
003799
007224
000779
004693
005217
003201
000516
005907
006000
001828
003622
006094
006083
006207
004986
007966
008454
000015
003451
008331
006457
005341
004981
008085
006934
006158
008587
006918
008527
001110
004145
001860
001045
001075
007503
003805
000398
006478
008297
008096
000058
000755
007467
005800
000336
005611
005475
000477
001788
007191
001781
000997
005237
001874
003175
005754
006959
003956
004480
005351
004723
001339
004603
008071
008526
003706
005359
001377
001163
001795
008287
004120
008366
001869
004675
003485
005610
002296
003751
008333
005956
005587
006642
007822
002207
003526
001973
006783
007009
005591
005806
004472
003661
004647
004542
004622
001149
001693
007845
005655
004976
007029
004385
002456
005656
004091
007249
002061
006211
001118
004121
001027
000974
001915
002487
002674
006656
001622
005493
001114
000130
001903
006555
001537
000047
001462
000766
003281
005751
007724
002003
000005
003213
008534
007580
002959
001002
004450
000454
000286
005759
004142
006738
007148
002862
007522
006317
002938
007774
004489
006697
005898
002770
008309
000613
002820
002506
000661
002760
002933
007347
004376
001128
007682
008373
003232
005577
005370
005527
004342
006306
007074
004962
006848
002332
001432
008280
006141
007104
005009
006362
001784
008533
000955
007922
004997
004766
006795
005628
007555
000280
000553
005029
003688
001552
003448
008183
007620
007593
000710
004025
007823
003598
000276
001347
006428
006687
004197
006742
000972
000088
002104
000134
007454
006696
003820
004799
002632
005732
005936
007811
003504
001181
003984
000448
002393
006389
008104
001450
007059
007279
000555
004114
005243
002433
007245
003826
002236
001872
005329
005282
006884
004286
003544
001083
002461
003285
006755
001328
001346
006284
000247
005099
003352
001290
001529
006836
006699
005686
001587
004627
005801
000686
003288
003944
002409
008117
007277
008393
005716
006805
004899
002110
006123
000877
002567
001938
008227
003576
006095
006622
004038
002945
006769
003220
002593
006464
000976
001155
006668
002902
001169
000987
001613
004134
000573
004703
004792
002324
007892
003456
006551
007814
002128
006465
006293
006850
008194
005121
002200
000536
007229
003666
002030
004722
005084
001013
003627
002375
001547
004999
006600
008323
008324
005252
000304
003327
002361
001420
008089
000119
006694
007328
005685
001245
004854
008226
005509
003210
005536
001459
006012
007848
006466
002876
002439
004965
003318
004551
008317
003878
002391
008517
003565
002346
002573
007700
000733
002254
008514
005893
007711
007381
007576
008395
006965
000002
000864
006374
005972
004507
006956
003791
008321
006822
003061
002121
007288
006163
007651
002942
001296
007758
001801
002443
002649
002284
000063
002722
003586
004641
003588
006591
001491
006876
004483
005520
002811
003541
008116
003966
004947
003441
005991
008133
006173
008108
002026
002807
001923
006237
003747
005657
000824
000352
002665
008137
003835
008506
003615
008498
006511
007861
008091
000262
008424
002871
005938
001396
005771
004679
005488
006054
005022
007475
006905
008364
002341
005836
002526
004487
000485
002049
005218
001456
002835
003929
006495
002900
005326
004837
001657
007588
000510
008211
006949
005038
006690
005769
004859
006452
005740
002126
005201
004943
005486
002357
005981
000195
003528
000958
006488
003438
006394
005889
003583
004401
004666
004364
004935
004077
005976
008599
005306
006138
005855
000091
004028
008189
003427
001246
001727
006658
008438
003498
006780
008184
004116
001939
003001
001360
001410
007961
005030
005798
002960
005747
005654
006099
004219
005845
007523
007084
002583
000329
002129
004062
000816
008087
002298
004697
007365
002134
007652
004174
001401
007108
004821
005002
002094
004540
000054
002261
007804
007320
003870
000534
000693
000042
003857
005947
007666
003297
005224
004906
005387
007691
006400
002895
000450
005912
000030
002088
005601
006812
006341
005619
004834
000476
000532
003917
000168
000751
007316
006504
006900
007509
005906
003403
008354
004728
007992
006252
002680
004252
002295
008144
000208
001996
002613
000106
002116
002233
006028
005626
007552
008410
007558
003901
003036
002653
006200
003113
007156
001583
004695
000674
001288
002491
001018
000950
000709
006603
000954
002355
000582
004545
007144
004358
007018
007548
007080
003624
006319
005752
003472
007008
005503
001894
005335
006342
000271
007926
001433
005429
004295
002996
008205
006649
006623
000482
001172
003389
001566
000193
000529
002918
000703
000340
002650
000702
006660
003185
005989
001490
007832
000963
006190
006778
005997
000522
004045
008503
007026
005497
006333
008247
003404
001651
005055
005958
001825
002455
001861
006233
006859
005529
001731
002646
005819
004619
000303
000388
007888
002801
004228
001986
002949
006861
002151
008464
002246
008345
000994
005846
002726
006773
006538
000228
006923
003280
003200
003067
006941
003368
004535
002420
003928
004238
000362
004042
006614
004639
006592
007852
000463
003477
008285
001283
003658
001692
005098
007204
004415
006532
007431
003182
003546
004945
001798
008199
007734
007998
007264
008419
004206
001708
000118
002855
006078
005710
004659
006308
004131
000875
004037
004969
008336
001284
002092
004360
000082
001942
004399
002072
001056
007756
008377
005905
003087
007701
004175
006887
001574
003142
005396
008292
002625
005809
006006
002892
004315
005060
000660
002832
007557
007537
002961
006958
004324
003695
007659
005440
004719
002922
000506
006814
006449
008166
005595
000291
004564
006365
005054
005072
000992
004476
006849
002209
003358
003573
007457
002314
004944
001411
002715
006844
002641
001371
000646
002285
006962
004275
004916
002174
003584
001484
006282
001147
006785
001442
006771
003778
004705
004565
006029
002035
001818
001837
000355
008257
000865
005309
002244
006657
001716
000668
007737
007370
001150
005142
005927
001667
008244
000902
005709
007618
007238
007578
006378
007461
000866
007345
007684
003828
001776
002462
000883
001712
004985
007027
006948
006722
006843
006937
006265
006681
007492
007900
005248
007086
000584
007379
006988
002778
001774
003559
001059
003341
008601
004860
008024
003569
007082
004825
003796
005180
007123
008431
005132
001066
004761
005312
002549
007735
000420
002723
007720
005810
006245
008175
000326
004013
002791
000565
005464
006906
000694
002093
003014
000930
002427
006216
003369
003974
002704
001773
000791
000537
000374
002055
008427
005923
001108
002083
005775
004600
006740
001476
000543
002849
007020
008384
007717
007028
001427
004930
000770
004778
002344
003255
000237
000173
001922
001153
005781
005212
007596
003629
001544
006877
000417
004457
008300
007409
007970
003769
008340
002045
002242
003776
005280
001504
001757
000461
008390
008025
001534
007007
007909
004816
005170
006716
004181
004512
001945
003936
002504
005073
001533
002020
000725
003374
003568
000556
004726
000988
003154
008020
001451
008575
006383
002948
005979
004009
006152
005576
005903
001102
002848
006310
002305
003596
004288
000900
001609
005659
004257
000583
008418
002804
001139
001683
002784
001255
007542
004911
003034
005946
002297
004146
000154
000803
001095
004258
003620
001956
008512
000056
001429
005532
001381
004893
008399
004556
005602
005344
001093
002266
001754
001974
001303
005643
003693
007569
001127
006461
002677
006989
004692
000619
003893
000857
001522
002316
004027
005450
001743
008215
000181
003481
003410
002735
000789
001478
006792
004709
001635
006966
004514
008326
006621
002265
007474
008316
007520
002493
004609
001809
003831
007850
003540
000750
003610
000850
005675
000014
006987
001600
003939
000223
001907
008065
000991
003414
007043
003418
002992
000034
005861
006257
005807
002293
000110
007121
004490
004561
006886
005568
003827
007911
008320
008121
003450
004573
000863
001038
000139
007895
005371
000818
004968
008608
001028
004810
005395
004033
004382
003518
001393
002423
003653
001278
005397
006285
000541
000233
003810
003927
006999
000410
003784
000363
000076
005279
001072
005671
006445
005707
005087
000878
001826
003964
005705
001506
006228
005531
007413
007386
006048
005662
006531
004628
000712
003669
004110
007203
004297
004166
000984
006983
002664
005461
007923
001532
006375
001521
008360
006201
000812
005948
006307
006451
001239
007363
003591
007945
000912
004178
001967
002288
007275
005767
003287
004076
005432
007119
007388
003977
006839
007076
006008
000324
005390
002480
002322
003217
000501
005827
007876
007818
008488
004147
007755
004742
005293
008564
008149
003978
002856
003539
006675
003696
000090
002011
000449
008499
003314
002986
000149
004226
000580
002342
004584
001664
004698
007239
005548
008082
004509
004841
007775
003115
000471
000349
007498
006737
006916
001516
006917
007295
002291
006309
000284
006414
007183
003633
003312
004765
007373
001985
002238
000035
007941
005788
002478
006920
007653
004068
005790
000911
001932
007193
000018
000658
005129
001611
005307
008311
003839
004235
005083
006108
004747
002842
004310
003357
002271
006085
007415
005343
002566
004011
002962
004443
000256
001669
004169
005603
004431
001661
000272
005925
001320
003346
005745
003192
003737
002520
004402
002399
002830
005336
003613
003779
002082
000502
000504
001559
000198
000131
000603
003732
004245
005863
005046
008475
001987
005596
000721
002280
000343
007510
002008
006739
001638
005926
007898
000589
007615
003578
002407
005012
006089
000881
003381
008267
008417
007140
001372
004332
000641
004249
004329
007172
000196
007574
002155
005457
002557
003303
003515
006885
003009
000831
005119
008510
006145
001561
004812
005471
007836
005143
006052
005625
008195
002056
005854
001029
002952
000427
002678
006491
005477
004055
006732
000044
001824
002273
003362
001047
000872
006420
003983
005839
006098
006296
001482
001937
005910
003814
003800
000201
004772
008380
003048
004473
003643
002676
008103
000643
004878
008129
007344
003756
007187
003017
005547
003073
001300
003298
001873
003550
003853
006334
002916
003985
002508
006823
006973
003325
007418
007433
007016
001580
002217
002858
000234
005232
007792
005331
001417
008101
004602
008485
005702
004429
000882
004989
003233
004086
005726
000480
008197
005089
000407
002666
000867
004397
004620
005105
000330
001060
000518
001454
004264
001264
007859
003801
005857
005138
006156
001543
004075
002991
007374
004895
000468
007271
000843
007354
007178
000105
002447
006485
002840
007301
003197
002806
002484
001701
005236
006476
000683
001535
003190
007339
000108
001078
000659
007568
004336
006368
008536
007967
006283
001015
002931
000493
007723
000089
002934
001977
008458
002688
005573
004200
006210
002793
005869
003091
004105
004040
005296
006558
002206
001318
001473
005582
008016
007570
006947
008305
007622
006605
007262
005285
002765
006944
001175
005425
001326
008489
007535
000376
001468
006425
005362
003982
000434
006548
003497
008515
007719
004840
004230
007318
001494
007098
005110
002740
005198
004015
006496
004867
008516
004080
006405
008155
008041
005049
002924
003914
001895
000499
001832
003918
007931
007790
001182
003763
001448
005071
001408
004642
000805
005292
002302
000538
007657
000451
003522
001471
003803
007209
004433
004353
003675
000615
004883
000399
002532
004192
006853
003533
001659
005449
006447
006347
002172
008074
004136
003599
002721
003079
003452
005569
007025
002909
003163
006489
004153
001319
005112
001099
002941
001419
002737
007181
006129
008236
008113
008282
001698
001398
007629
006037
002671
002917
007054
008397
003909
000099
005959
005310
003100
005635
002006
003274
007856
006264
002428
000717
000368
002498
001668
005789
005473
002912
000019
004882
001502
000657
000666
000885
005186
000292
002893
000132
001950
006030
006273
001741
006110
006637
004678
001355
000070
002568
003250
004708
005700
002753
008261
005407
007669
003767
001508
000230
006247
007215
005996
006678
004559
003483
007055
004073
001909
008075
000685
004574
008164
004096
000289
000316
001042
000087
005918
002809
005090
000995
005828
002531
001115
006871
000648
002437
007633
005811
000897
004488
008105
006322
008434
003987
000179
002350
000227
005578
000165
007543
005935
006572
003660
001217
003183
001467
007253
003363
005856
001914
005393
001170
007974
006595
008100
000980
007132
000064
005024
003507
004227
003551
007353
007546
001520
007668
003012
005489
005501
000629
007254
007881
002943
003179
002193
008304
008192
003148
006979
002926
001845
004630
007255
003912
000081
000109
000903
001024
003492
003678
000248
006590
005281
003465
004818
001337
001877
007439
006142
007638
008124
008592
004718
002359
000521
006897
003876
004760
000412
000895
008491
002518
000401
006756
006335
000692
006239
005715
002869
008335
007851
004368
006202
003655
007527
004405
003672
006481
006263
007770
000606
001889
003133
001444
001111
005250
000452
002636
002044
002979
006225
004149
001842
003746
002183
001855
008567
005436
005802
006743
007918
004262
000758
005586
007610
000747
007214
002899
008111
003324
004299
005414
000585
004339
004835
000969
008513
007364
001557
000825
004406
003464
008406
007924
001125
003454
007507
002215
004180
008555
001631
001206
002780
005149
002189
006784
000840
008066
001864
007986
002572
000191
004924
003189
001104
001231
003253
004254
007019
002425
007234
004910
001633
003107
002773
007778
002511
007599
004333
000294
002727
005963
000383
001994
003609
006049
000341
003906
007169
006113
003342
007438
008314
005466
004094
003630
004164
005411
005852
007021
005221
005015
000285
002574
001200
008570
001900
003486
008298
001703
007579
007977
005983
004974
005874
005645
006314
001850
002145
008241
004387
003348
005712
002603
006208
005974
005813
004673
003996
006422
007849
005687
003110
001678
002057
004070
006524
004150
008293
006733
004562
002343
000425
000830
004303
004665
000348
005167
002990
004550
007071
005755
002119
002928
007432
003272
000224
004259
001590
005462
005653
000996
003072
002757
003164
002330
002675
002241
003231
002767
003218
004767
007584
004006
004201
001630
001254
001806
006462
002167
004084
003227
007450
004782
001000
000440
006010
001745
005026
004425
005644
004601
000430
001009
005746
002199
007678
004152
004102
003376
002147
002825
002197
002140
007470
002249
007791
002114
005681
008210
004479
003230
007976
003671
006421
001689
008327
004128
004942
007996
002347
000231
007612
000447
000151
006344
001495
004595
003848
006320
001672
004413
007769
003525
004386
004908
000422
006180
000983
001918
007658
003676
004571
005940
007906
007166
006968
000255
007788
003144
001210
003626
006540
000298
002571
006467
006764
002609
004664
002367
003904
007979
007665
004950
002464
005564
006340
002450
005795
004021
001112
006484
001999
004948
002777
004977
001308
002024
003049
006631
001852
008143
001297
007456
005458
003997
008547
008363
000675
007603
005320
003887
004956
004894
000167
007524
004732
006586
003125
000366
000569
000960
006714
001430
007870
006725
002821
005050
001025
006395
006169
001870
000211
002621
003724
005115
006892
006460
002750
002078
002474
000775
007408
001259
005064
001192
001302
006367
006588
007819
000533
007103
007816
006750
005894
002690
002218
004522
001671
006149
002354
000926
006976
002267
002463
001958
002707
002349
007857
008383
004608
007829
003882
000009
004808
006741
004119
007808
001929
005113
000985
004298
007324
004340
001257
006587
006760
005240
008413
004844
005688
005890
003865
000373
000473
006677
000579
004389
006087
001258
001207
006143
005271
000278
004282
005134
007884
006159
007785
005698
004354
003459
004648
003590
000630
006503
006997
006246
002369
003041
001888
007257
008204
005325
007483
008054
004484
006521
003608
005666
002408
008420
006157
002466
005463
000337
002642
005667
001279
000274
000270
005607
001209
008537
004231
003854
007392
006972
005647
005953
005470
004384
002312
007991
007833
001391
003299
003044
004058
004204
002748
008365
005109
001859
004716
006863
001168
002085
002763
001005
001440
008576
008213
007033
005652
000528
007662
004190
000075
006663
000246
003735
005069
008529
005318
004497
007960
007860
002396
008497
007608
000011
000650
006349
002681
006327
005238
000598
003292
003118
008249
007980
001658
006781
001830
006492
003843
003421
000022
004591
006214
002216
003941
001225
003222
001483
002563
007939
006063
004294
002107
008356
005598
000367
000114
001486
003029
007943
002883
000762
000098
002553
004100
002795
007481
001214
002336
001760
008004
001571
001792
004524
000799
007417
003275
007317
008444
001269
001157
005614
003651
002136
002634
000327
007221
001545
004973
006469
007762
006287
003988
003873
007729
002163
006971
004717
002889
004265
007867
005579
003851
005274
004459
007753
004618
001601
006608
004919
000315
004533
000856
003734
000321
003527
002786
001368
004858
003647
003407
001734
005337
006348
002687
005706
004597
008277
004582
005327
005848
008159
004593
000017
006070
004691
007626
003075
003377
005456
000785
001369
007228
007159
001509
005999
008030
005259
006721
000378
001660
001124
006179
001607
006648
000235
001946
002031
003922
002516
001775
007582
007516
000623
008378
006446
004251
005812
007581
006064
000268
005820
004807
006197
008273
003993
003444
003852
007838
003137
004083
002914
000515
003723
006610
000199
003094
003874
000489
003076
006256
005185
000507
003311
002709
006809
005952
006061
003516
002655
002458
003131
006680
000059
002615
003186
005733
005770
007150
007577
005213
000328
004793
005632
003563
005291
007757
005540
001385
005986
000345
007639
004508
004964
000979
005472
000218
007047
008559
001897
002156
007586
007128
002038
006501
002542
000258
003178
003323
004587
007889
005377
005448
005210
000136
005555
003557
001240
007551
008256
000125
001797
004273
003491
006058
004704
000342
000671
006060
006450
000796
002658
005523
000822
004966
004034
007327
008447
000178
001033
006671
003333
004355
004276
005388
003951
000346
005101
006873
005704
003940
000026
008480
008522
001624
004467
006509
007994
002301
000906
007300
006938
003679
007265
008368
001525
003607
006499
002995
005254
001807
007155
003883
006397
000784
006550
007096
005441
003925
008401
007703
001596
000571
005172
001465
004971
003499
000554
002692
001330
007263
003174
005566
000975
007969
005665
005251
005843
004209
006275
000644
006857
004892
006527
003782
003859
003028
000942
003529
003934
005901
000868
002994
000238
007532
005141
008115
004316
004346
006611
005943
005452
006045
004990
005799
003145
001902
003257
008180
002652
007646
000046
000542
007971
005648
002153
002366
004500
006086
003677
006700
003395
005120
004690
002164
008611
000060
004851
008494
004388
006761
008044
003774
003005
006017
001405
005302
001400
001275
004331
007799
003160
002601
003166
002702
005272
008169
006788
006205
000439
002101
004671
004477
007485
006385
001794
001680
000094
003980
005194
006339
004184
000798
002588
003347
001940
005154
007865
008057
006705
005150
008042
001626
005418
001130
000892
001354
001736
002300
000841
006436
006039
004905
005421
005005
003847
006767
001710
004560
003689
001933
007545
000708
008451
004255
001785
002880
000792
007116
002796
004328
000783
003235
006139
000028
001961
006198
005011
004372
008388
003242
006132
001706
000377
004468
003938
004505
002762
007335
005735
007375
002565
008535
002562
000404
006639
007358
004625
008027
007478
007913
005776
006042
002596
006641
002482
004674
004970
003725
004613
006213
003310
006223
005838
003015
002499
007981
001474
002672
007609
003207
007291
000486
006116
004536
005164
001010
003680
008240
001679
002619
007883
007044
002481
003644
005915
002701
002669
001443
002685
002224
002761
008136
002139
006711
004724
006221
005278
002728
006144
004850
005937
001135
008135
001022
001865
006661
008051
001129
001885
001687
002306
004569
002319
003006
002377
004327
000442
000435
003861
008408
003264
003039
005479
006146
004271
002225
000574
004001
001642
004940
007232
007284
003663
002559
003872
001715
002118
003345
002352
001285
006525
003606
005076
001834
008329
001796
004788
005195
000768
004441
006710
001226
000531
001719
003425
007560
003930
005965
001881
001176
005086
001854
005589
004699
005160
001487
006840
000357
004779
008132
000487
001089
005786
005445
006701
007621
006731
002213
007875
001422
001461
007613
006888
001955
004291
006984
005267
004967
005245
007890
005641
000680
006188
005557
004292
006554
007075
006922
007495
007368
007429
001594
000826
000945
007783
006270
002535
004577
000835
006232
004161
004624
007601
000622
005565
005182
001783
005849
004754
002108
002112
001970
007824
004802
006838
005404
000496
002079
007958
001137
008308
002099
000682
001811
001164
000632
007445
006776
004963
007177
004092
001084
007813
001930
001247
003768
006819
003016
008412
001901
003933
000732
002838
002394
003167
005682
004746
007547
006472
008029
004043
002442
000596
001011
001211
000965
005841
000140
007421
008264
002432
007464
004411
001103
003209
002005
001560
003509
001931
003714
002495
002538
007781
000490
002781
001077
003612
003913
006497
003558
001341
000934
004236
005831
004870
008477
005960
003476
007641
001280
004054
006679
004374
002785
002923
006749
001268
008347
001965
005360
007934
001959
005612
000737
005551
006053
004017
007158
003240
000080
003915
007366
003862
001481
003989
003699
000525
003446
006856
003770
008531
005699
000386
000807
005482
000057
007872
005365
006826
002430
002165
007676
007767
000778
001673
001582
001674
007109
002987
001913
007674
005823
001384
002421
000402
001380
006833
006238
004296
007773
004991
003694
007367
006016
006865
003566
008589
002037
000467
005348
000375
000746
004901
002951
003291
002982
001517
003968
007359
000444
008122
002505
002065
001815
005498
004198
001821
003818
005047
007530
000851
005689
002839
000460
004446
002755
004148
004141
006821
002245
006092
004369
004390
000159
001554
007583
003487
005814
008302
007401
005176
000497
003637
004267
005913
006161
006945
000356
003260
006172
002374
005650
002971
000445
008272
007051
002345
002148
002028
000200
003361
000350
000782
005007
007377
005736
007458
005364
007869
002578
002358
000833
005674
001989
007606
007039
002873
006411
005703
006815
001500
004378
003420
001793
000494
000567
006693
006134
006523
008174
003512
001876
002453
006960
007147
005988
007441
005779
001696
003648
001242
002954
007216
005020
002465
001040
007672
005277
006645
004794
001020
007708
005931
004071
007281
003710
003794
003370
001584
005043
007513
005613
008039
002227
006345
004012
008045
006255
003143
003787
008000
006050
003121
007544
000610
002158
005191
000309
002946
003535
001503
001751
007034
000394
005933
008032
000158
008357
001004
006441
008086
005944
001236
006370
003429
003579
002429
003408
006646
000319
006155
004357
008081
004604
002483
003812
006518
001578
008294
005146
000662
008446
003316
002328
003704
001080
001397
007331
006103
002606
000085
007424
005469
002660
001943
007340
004442
005001
003193
002656
004670
004864
005677
001602
006031
005684
006552
001189
007479
002744
002730
006176
005428
004309
002262
004783
001625
004118
001699
005231
002514
004242
006818
000665
002019
002537
007308
007114
004654
003236
007164
001799
002039
004829
003449
005865
008225
000627
002122
006120
003684
007333
004321
000464
002712
002497
001644
003367
000547
004246
007184
007302
002195
006911
008163
003728
001191
006326
006825
005013
007670
005872
000172
008591
003181
007999
007696
003372
006167
001857
003096
007117
002600
002081
005617
001779
006500
007453
001375
004008
008072
007710
003750
006505
002812
006151
000802
003399
005094
003806
007243
006762
005511
004350
001718
004635
003385
008134
002799
005624
000959
000301
006802
007733
007138
007714
004072
005369
005044
007877
005219
005758
003973
001759
007736
006160
007356
004525
003000
006424
001266
004285
002798
008130
003350
006355
001569
007405
007237
005487
002635
002720
000890
002386
000727
003443
003849
004737
000163
005258
003781
005720
007803
006537
004430
004889
000898
005460
005876
007002
005442
003868
005510
005151
006753
002268
000512
006329
005701
006936
005074
001957
001014
005118
007162
008452
001934
005594
007635
007194
006763
008546
001844
008021
002492
008539
007938
002897
007286
006806
007127
008078
000033
008003
003305
008268
002682
000593
001501
003411
005829
006567
001184
002524
006985
004785
008193
007477
006337
003212
006963
005228
000279
000031
007854
005875
002259
004780
004605
002788
003302
007030
005796
000096
000353
008580
004933
003338
000500
001229
002729
005402
007573
002220
001105
005321
000107
003074
003482
003786
004199
008411
000886
006336
002843
000550
002392
000794
006286
005426
003585
002329
002287
007473
006967
005324
003700
000478
006281
006578
006302
007685
005410
008392
000491
001475
003743
006727
004224
002360
001619
001551
006318
007175
001044
008147
001256
001270
001141
006236
002752
007031
003468
006835
001853
004925
001345
006942
000763
004884
008056
004341
007022
000604
007294
001917
007003
004787
003035
004222
003552
005513
004229
004305
006128
007904
004891
000458
003282
003886
004852
003124
003795
002243
003542
006670
006831
007258
006262
005214
007197
006619
006388
004464
001628
007562
005748
001717
001311
005125
003943
005356
000523
004510
002648
008112
005139
001480
007297
006580
000073
007160
003473
008606
006122
004465
006612
007321
005033
007565
006033
004137
001445
002523
007115
000524
003949
002113
006647
002283
003221
003089
004579
003572
003435
002095
008202
007416
004088
001905
004439
002507
000586
006269
007032
006757
004343
003832
000797
001162
005480
000776
008328
000937
007251
000322
000207
005929
001763
002866
000205
002109
001972
000267
007843
007794
001593
003215
007349
003428
002168
000202
004633
004615
007747
008508
006100
005868
002818
002440
000713
003114
002278
007866
004407
003834
000300
002467
001366
004995
000462
003062
007378
000186
005761
004764
007407
005945
007471
001488
007748
004196
004189
001306
005804
006381
005554
000621
008387
007199
007337
000347
006278
008439
003715
006328
001492
000333
003867
001017
008217
002828
002150
001643
004786
002742
000408
008118
004177
003587
000896
000275
008566
006807
001975
006448
002864
006432
003564
000688
004897
000260
003709
007549
007786
006630
008344
003659
000677
001964
002837
004191
007085
003140
008106
002075
006125
004026
000086
003165
008538
002947
008594
004923
003004
003278
005066
002976
005742
002248
003891
001048
002417
000905
007894
001542
007780
001271
002561
004171
004170
007099
003335
000749
002385
001747
001563
008026
003130
003926
004532
000951
007689
003636
001489
000578
002323
001511
006439
001221
004842
006298
000948
006023
006218
005562
003960
005227
006709
000566
001032
003457
001472
002058
000479
004513
002936
005939
001572
002187
003836
004437
003721
004817
002560
000649
004903
005211
006975
004714
004090
000545
000595
004053
006866
008077
000635
007298
001730
005301
001997
002260
005842
007550
005389
000206
005273
000957
002631
002431
003065
002390
001722
004123
004499
001298
006986
001816
002475
008421
002683
006811
004914
004686
005157
004448
008290
002754
000614
002679
002426
002468
007746
002629
008492
005835
005630
002585
000869
007089
002547
006910
007315
006220
000849
006215
000146
001026
004809
002846
008067
000739
005431
003054
005444
008523
004335
004929
007389
000169
002190
006034
003885
002608
006713
007489
008049
000061
004519
003440
006235
003216
005756
003328
006080
001548
007598
000769
002969
002070
006502
007896
008250
008243
001035
000730
006435
006459
003645
000592
000938
006801
005260
004247
001608
005914
001390
002098
003394
001090
004898
004122
004232
001350
006097
002555
007004
006870
002691
006091
002162
008318
008069
003981
008553
001493
000416
008019
002449
003958
001205
003013
002084
000093
000261
007242
007241
001101
006935
008590
007873
007627
006974
002654
004528
006800
001822
006377
005904
005642
002670
002965
006954
001726
001524
002610
001234
003132
005990
002852
006430
001055
001070
003869
005184
004645
006951
000731
001076
006074
001046
005319
007750
002017
005206
008441
001218
002597
000999
001364
007868
003147
004334
005891
002191
000879
005223
002378
002137
007807
002221
001313
005215
001412
008461
000862
000170
001212
008191
005455
002745
005367
006313
003879
005111
005349
006929
004409
001916
005690
006594
001810
004740
007553
000672
000618
008425
008610
008095
001761
004583
006056
007338
003701
005376
000970
003050
007122
003864
001413
002974
002758
002016
007486
006559
007541
000351
007346
004326
002643
000642
000873
008270
002362
002418
001513
007905
004768
000910
004179
005203
001034
007129
005286
002647
004748
001948
008283
005718
003895
005394
003471
006114
005169
001424
000338
001597
002282
006996
006903
006455
005982
005179
000901
004833
008055
003127
005549
004323
002503
001039
006195
001367
001652
000153
007296
004680
007795
003241
006393
008058
008229
006267
005249
007420
007372
005406
001732
006894
004061
008352
008168
003759
008001
006338
001586
007624
007152
001133
000741
006386
004588
002047
004796
000155
003393
003254
007463
002558
003910
003105
002623
000548
008415
008563
006553
003224
007287
008520
002885
002591
006775
004804
004470
003833
002605
007487
006534
007950
004888
002844
003229
003502
005534
003601
002276
004325
007465
007494
005070
000916
007211
006569
008107
001497
002724
006189
004946
002406
002089
006166
002202
002598
002589
007637
001202
004383
008604
005969
002337
006077
001592
007198
003301
004214
000183
006702
007427
003920
007798
002644
006638
001082
002258
002496
001435
008394
004960
004089
006305
001235
001639
001656
001249
000438
002320
001088
004738
006404
001329
006226
001227
000188
007250
004932
006192
008578
003405
003664
002698
001216
006915
002052
000704
002127
005694
000801
003766
007693
003623
004614
001904
007189
001579
005680
004138
003916
007049
000714
002041
007590
006456
006361
002783
003556
007760
001519
004266
003090
001610
008083
006683
001496
004578
003553
000700
006035
006895
000691
004868
003366
005816
006082
002769
007973
001186
004422
000526
000853
005714
003155
002240
005877
007330
001152
004260
007561
004362
004486
000391
006858
004018
007171
000844
002808
000821
006519
005992
003740
001064
005354
008279
004218
002376
004777
004460
005850
001267
002048
001968
005465
008569
002739
007732
007630
003208
000829
007604
003066
001641
004865
003343
003555
000943
006851
006751
007012
001648
008609
005558
003170
008416
002913
008362
002530
001849
001786
004016
002816
007390
004104
005741
003574
007500
006229
007673
002472
008176
006530
006046
003177
001982
006068
005581
007809
002622
008012
000871
003808
004427
007010
002380
007496
004518
001403
001851
006950
003286
006828
002494
006782
003506
007648
007310
002587
002253
004759
007899
004811
003649
005018
005416
000687
000858
006468
000513
003156
002333
001295
002063
005722
005045
004356
000127
001418
004030
003458
002903
002906
004322
005633
004492
000189
005383
003093
005114
003858
003053
001327
006730
005358
003252
007835
001598
001663
007815
001237
004669
004539
003816
002340
000827
001951
005634
002815
001068
006109
001428
002802
002379
006688
008505
006940
001621
003479
003921
003722
005027
008033
005165
002556
004345
007912
001620
006799
008518
005506
003738
001804
000767
004373
003027
000561
004274
004720
001697
000705
008125
000361
003413
008098
003638
001926
004032
007332
003897
007649
006431
006673
008348
007447
002706
001382
001752
005117
000920
004646
007761
001094
008481
008203
003268
008550
002067
001455
005524
006832
003605
001984
001725
006653
007468
007645
004493
000492
007497
004915
000049
008119
001789
006754
006261
000764
002771
002999
007600
003866
003532
008450
000854
002043
003536
001858
003889
003665
000318
002911
003010
006930
001086
002371
005951
005275
005230
001634
001953
005068
006241
001510
004521
008437
006051
005197
000474
004637
006479
008306
004004
003727
004491
001836
005496
001589
007699
002746
000973
004312
007592
005235
002751
007065
007572
000636
004065
005010
001421
005175
003406
003718
003077
001990
006539
003488
002194
007078
008037
004048
006182
008342
007125
008063
003466
001558
005443
003731
001243
008389
005678
002800
001183
002527
002998
006356
002766
002845
003733
007901
006438
008310
007595
000546
000757
006486
008258
007195
003289
006183
002525
002181
000406
002223
002277
007962
000848
005244
006406
007094
000084
004537
002898
008521
000505
005332
006925
007326
003561
005294
007937
002731
006748
001991
007179
000966
002501
005919
002454
007248
000498
000411
003365
006359
007602
003713
005638
002438
007259
006066
007771
003683
005765
002907
000122
006576
003159
006026
003247
008052
003025
002813
003474
004687
002368
001720
003246
003702
002794
004696
000695
008605
005446
006175
002768
003911
006770
002069
007936
002611
005253
006002
007436
000466
006471
005858
004182
005968
008062
000626
006041
000226
006191
004715
000220
008332
005672
008178
003484
007219
002693
004795
007683
000832
004307
004526
000023
000177
004311
002356
008010
000968
002699
000904
002637
001867
007947
006726
005161
004185
000229
002192
002012
005851
007015
001979
002863
001691
005900
004749
004154
000953
007972
003771
000032
007631
003548
001312
005817
005368
003846
002384
000283
007504
006817
002232
007005
000204
005174
000160
002292
003950
002000
004452
006889
000307
004769
007303
008551
000509
007559
001562
007589
008593
001154
005995
002552
003293
001431
001336
007319
001374
006288
004575
002797
003955
007910
008402
003334
004631
005435
000021
005092
002884
004626
002087
005128
002239
004855
006543
005537
004920
000576
002700
001460
001553
003685
003313
001031
002007
001007
002141
008154
003117
001121
001700
006599
008370
000889
004270
007380
002592
004506
001228
004496
001054
003775
000455
006364
005375
004839
004681
003720
003396
006185
004744
004188
000257
002939
002774
003424
000310
001728
008170
001823
002021
008165
003153
001647
002624
003744
000269
007050
003445
002805
001576
000405
004848
004828
001878
004725
007575
005924
006081
001223
003822
006366
006633
003571
004530
007348
002177
007142
002264
008167
001705
001808
008233
006427
006177
006477
001623
000048
005609
005392
005269
000483
008023
007394
006867
000135
000358
000706
005264
003900
008046
006676
000038
004000
005830
002626
000655
001812
001606
005155
000124
008265
002059
007482
006115
004982
006878
008156
005826
003594
002956
002953
002627
005433
001920
007266
007764
005866
007677
001518
007384
004775
006473
007342
004701
001762
002628
006765
001383
002617
002411
008343
003959
000724
000828
006093
000707
007092
000429
006643
007784
004984
004913
005152
008034
002353
001530
006520
002910
006219
002891
008524
006032
000753
003198
000570
007660
007484
004217
001477
000640
007419
003524
000219
004663
001166
003902
006719
003975
000078
004101
004444
000317
005057
008509
003965
000162
000697
005116
003195
006506
003703
002231
004421
006994
002405
008152
001980
003614
000147
000071
008253
001765
004682
006227
005957
007041
000745
007056
002103
007521
005239
004875
007675
001131
003581
005297
006096
003371
004771
005533
008381
008231
008558
005500
001665
002142
004814
005934
005483
003707
001344
002686
008556
001195
004395
003840
004308
004400
006692
002255
005518
008359
006001
004568
004256
005039
004861
000838
003739
007449
001744
005805
003888
008035
001438
007272
003575
008289
006998
004683
003011
008216
000940
007185
004612
007727
001963
007564
007192
008235
002205
001171
005494
003577
006015
002307
006542
007313
001272
007697
005909
002920
001452
005485
006384
006879
006735
001198
007292
002009
004523
004890
006662
007113
005961
000908
000611
000808
004158
001735
001058
008142
007393
006691
004403
002599
007100
003226
007533
003271
000381
002875
003081
007782
002434
002604
004800
002279
002551
005784
004503
007053
003692
006133
000325
004375
000936
004543
004594
008185
004710
005585
004636
008552
002176
002541
004598
006909
007978
006075
002697
003602
008153
006407
002073
006570
004445
005385
001962
006426
003315
007130
002304
005764
000074
007940
003899
001791
007037
005966
004721
008080
008490
002311
006224
002457
007133
003068
003730
003098
006712
007274
006203
003697
000481
005287
006401
004975
001208
005107
006952
003326
003294
002749
003122
003306
007208
005187
002445
004176
008470
004281
006112
003453
006747
001156
002829
001388
005419
007476
006289
005192
004036
002550
001439
007182
004954
002364
008457
008002
003099
001342
005081
002441
007226
006487
001479
006827
004203
003838
003223
005025
001887
000365
007531
001890
005640
000039
002071
003753
004290
008040
005226
006088
000240
006268
002143
000884
005567
006816
002338
005574
008353
002850
006574
001441
002327
001165
005173
004731
003947
008588
004212
004225
006181
001723
002789
004151
000389
005233
005772
003002
000387
008064
003119
002247
003772
006907
004313
006927
003807
000989
005075
000719
008483
007681
004456
003141
003070
005550
002066
007101
002718
005380
003521
008252
008361
005100
007787
001334
004557
003112
004517
008543
008493
003391
006343
004361
004694
002513
000029
003024
005840
002395
000424
006490
006837
006707
000433
000723
005106
005415
007810
007435
007236
004752
005525
006494
003146
003705
007382
000331
002517
008319
007077
003172
002824
007908
004347
000083
005859
008322
005621
003789
007563
003462
007083
001829
004248
003135
001960
005382
003667
004689
004435
002826
006372
001179
000645
005878
001637
006119
000305
001898
004263
008482
002182
007244
002950
000669
005575
006433
007385
002570
005512
003069
007107
003945
002178
004676
008245
006615
005728
008259
006869
007073
005481
005289
003262
006069
004876
007501
008571
001148
006073
007398
000842
004616
000437
001883
003894
003199
003018
003340
005711
005091
004108
000128
002274
001289
008018
006685
002968
006036
001074
003149
007754
004501
006564
008467
002967
008301
006625
000077
005391
000027
007885
000197
007350
005247
000813
002955
002779
000560
006274
005993
007499
006804
003171
001287
006522
007180
000249
003046
000250
002614
004657
007157
004887
004511
005003
006242
005077
004087
005884
005794
000549
007655
004059
007745
003729
000472
007887
006536
005347
001263
004846
008338
007738
002787
004685
003632
006396
002149
000101
003387
004434
003762
003380
008557
